>> check_Elasticity_FE_solution_error_triangle_linear

h_partition =

   1.2500e-01   1.2500e-01


uh_infinity_error_8 =

   5.1175e-02


uh_L2_error_8 =

   2.2934e-02


uh_H1_error_8 =

   4.3382e-01


h_partition =

   6.2500e-02   6.2500e-02


uh_infinity_error_16 =

   1.3250e-02


uh_L2_error_16 =

   5.9217e-03


uh_H1_error_16 =

   2.1821e-01


h_partition =

   3.1250e-02   3.1250e-02


uh_infinity_error_32 =

   3.3437e-03


uh_L2_error_32 =

   1.4938e-03


uh_H1_error_32 =

   1.0926e-01


h_partition =

   1.5625e-02   1.5625e-02


uh_infinity_error_64 =

   8.3793e-04


uh_L2_error_64 =

   3.7431e-04


uh_H1_error_64 =

   5.4649e-02
